// FitResult by HetaSimulator, saved 2021-12-02 at 13:23:09
// status: :FTOL_REACHED, OF count: 2880, OF value: 2583.9226500233467
sigma_K = 0.2503973572794826;
sigma_L = 0.3299590537911647;
sigma_S = 0.26897331987446105;
sigma_T = 0.35666696551134747;
sigma_U = 0.2861534767586667;
sigma_P = 0.30643250367322544;
Kp_K_D = 51.43863493827208;
Kp_R_D = 86.33056444157613;
Kp_L_D = 27.771910219037615;
Kp_S_D = 149.03623688721174;
Kp_T_D = 75.23779455763257;
Kp_U_D = 78.00791112521424;
PS_K_061 = 0.0008933512183572662;
PS_L_061 = 0.020462440322424235;
PS_R_061 = 0.06242032233930859;
PS_S_061 = 0.00228353487143537;
PS_T_061 = 0.001239081885507436;
PS_U_061 = 0.0001262235980261698;
Q_T_g = 2.236267594187401;
bto_K_m = 0.0548644935062159;
bto_L_m = 0.04348610278873404;
bto_S_m = 0.021490259101483406;
bto_T_m = 0.0016792464939615439;
bto_U_m = 0.008284293913282729;
deg_resp = 1.8002844302782601;
kel_L_D_m = 0.08726122494830593;
koef_resp_K = 81.79696970171523;
koef_resp_L = 148.45774478141843;
koef_resp_R = 227.6917819513605;
tar_S = 1.592752135402004;
w_B_m = 0.29426031885243725;
