// FitResult by HetaSimulator, saved 2024-07-19 at 16:34:23
// status: :FTOL_REACHED, OF count: 1309, OF value: 6410.72212318048
sigma_K = 0.20000283953557862;
sigma_L = 0.20722028061496323;
sigma_S = 0.19096873192494565;
sigma_T = 0.15869644824298307;
sigma_U = 0.1264447990105922;
sigma_P = 0.12638098603211556;
Kp_K_D = 54.713497169861554;
Kp_R_D = 93.07602756629771;
Kp_L_D = 37.95679528406977;
Kp_S_D = 151.38640367892714;
Kp_T_D = 77.11482162082308;
Kp_U_D = 84.31243578973493;
PS_K_061 = 0.0009002235954859103;
PS_L_061 = 0.023037806925879877;
PS_R_061 = 0.059505249158106815;
PS_S_061 = 0.0023324191427573906;
PS_T_061 = 0.0012276566587157073;
PS_U_061 = 0.00013114632098627847;
Q_T_g = 2.4029483383901677;
bto_K = 0.08820520884907626;
bto_L = 0.12161102855684248;
bto_S = 0.1383462297926806;
bto_T = 0.010966647055907244;
bto_U = 0.21196809365097563;
deg_resp = 2.2822987314286247;
kel_L_D = 3.5691060112431154;
koef_resp_K = 112.15012300261401;
koef_resp_L = 218.17608603011126;
koef_resp_R = 286.3562085906377;
w_B = 0.08310745645239273;
