// FitResult by HetaSimulator, saved 2024-07-19 at 16:34:23
// status: :FTOL_REACHED, OF count: 1309, OF value: 6410.72212318048
sigma_K = 0.20000283953557862;
sigma_L = 0.20722028061496323;
sigma_S = 0.19096873192494565;
sigma_T = 0.15869644824298307;
sigma_U = 0.1264447990105922;
sigma_P = 0.12638098603211556;
Kp_K_D = 54.713497169861554;
Kp_R_D = 93.07602756629771;
Kp_L_D = 37.95679528406977;
Kp_S_D = 151.38640367892714;
Kp_T_D = 77.11482162082308;
Kp_U_D = 84.31243578973493;
PS_K_061 = 0.0009002235954859103;
PS_L_061 = 0.023037806925879877;
PS_R_061 = 0.059505249158106815;
PS_S_061 = 0.0023324191427573906;
PS_T_061 = 0.0012276566587157073;
PS_U_061 = 0.00013114632098627847;
Q_T_g = 2.4029483383901677;
bto_K = 0.08820520884907626;
bto_L = 0.12161102855684248;
bto_S = 0.1383462297926806;
bto_T = 0.010966647055907244;
bto_U = 0.21196809365097563;
deg_resp = 2.2822987314286247;
kel_L_D = 3.5691060112431154;
koef_resp_K = 112.15012300261401;
koef_resp_L = 218.17608603011126;
koef_resp_R = 286.3562085906377;
w_B = 0.08310745645239273;
// FitResult by HetaSimulator, saved 2024-09-03 at 09:34:24
// status: :FTOL_REACHED, OF count: 1289, OF value: 6409.126604078823
sigma_K = 0.1970966398980915;
sigma_L = 0.20479578430571344;
sigma_S = 0.19801167587496613;
sigma_T = 0.15900584979138244;
sigma_U = 0.11851080755899916;
sigma_P = 0.11270534979693723;
Kp_K_D = 54.71517581969962;
Kp_R_D = 92.86466245720274;
Kp_L_D = 37.74662573036299;
Kp_S_D = 150.56640618779159;
Kp_T_D = 75.77594447429654;
Kp_U_D = 85.2646460124606;
PS_K_061 = 0.0008981100088951803;
PS_L_061 = 0.023107189990823243;
PS_R_061 = 0.05964901091747708;
PS_S_061 = 0.0023323520109514145;
PS_T_061 = 0.0012359692921161424;
PS_U_061 = 0.00012724307191597055;
Q_T_g = 2.3437441153184584;
bto_K = 0.08913994652573133;
bto_L = 0.124193538089243;
bto_S = 0.1404579107372531;
bto_T = 0.011137953805630593;
bto_U = 0.21374472644999054;
deg_resp = 2.2285171092928158;
kel_L_D = 3.567816712931524;
koef_resp_K = 110.62222842632818;
koef_resp_L = 212.11298487277926;
koef_resp_R = 276.9946311643657;
w_B = 0.08338084697439194;
